0 1 1 10.0 0.0 0.01
1 2 1 10.0 0.0 0.01
4 1 1 10.0 0.0 0.01
1 1 2 10.0 0.0 0.01
5 2 1 10.0 0.0 NaN
1 1 1 10.0 0.0 0.01
5 2 1 10.0 0.0 NaN
3 1 2 38.8 28.8 0.07466666666666666
5 1 2 43.6 33.6 0.09603556727631178
1 1 1 10.0 0.0 0.01
1 1 1 10.0 0.0 0.01
1 2 1 10.0 0.0 0.01
5 1 1 10.0 0.0 0.01
6 1 2 8.0 2.0 0.20800000000000002
6 2 1 27.0 17.0 0.07466666666666666
6 0 1 27.0 17.0 0.07466666666666666
2 2 2 41.400000000000006 31.400000000000002 0.07466666666666666
2 1 2 38.8 28.8 0.20800000000000002
0 2 1 113.184 82.112 0.40396467291691623
1 0 2 57.400000000000006 47.400000000000006 0.108
4 1 2 8.0 2.0 0.20800000000000002

