2 1 2 10.0 0.0 0.01
3 0 2 10.0 0.0 0.01
3 0 2 10.0 0.0 0.01
3 1 1 10.0 0.0 0.01
2 1 2 10.0 0.0 0.01
4 1 2 10.0 0.0 0.01
5 0 2 10.0 0.0 0.01
1 0 1 10.0 0.0 0.01
3 1 1 10.0 0.0 0.01
2 2 1 10.0 0.0 0.01
4 0 2 10.0 0.0 0.01
3 2 2 10.0 0.0 0.01
2 0 1 10.0 0.0 0.01
5 0 1 10.0 0.0 0.01
0 2 1 10.0 0.0 0.01
5 0 1 10.0 0.0 0.01
1 1 2 10.0 0.0 0.01
2 1 2 10.0 0.0 0.01
1 0 1 10.0 0.0 0.01
5 0 2 10.0 0.0 0.01
5 1 1 10.0 0.0 0.01
2 1 1 10.0 0.0 0.01
2 1 2 10.0 0.0 0.01
5 0 2 10.0 0.0 0.01
1 0 2 10.0 0.0 0.01
1 0 1 10.0 0.0 0.01
5 0 2 10.0 0.0 0.01
3 0 2 10.0 0.0 0.01
2 2 1 10.0 0.0 0.01
2 0 2 10.0 0.0 0.01
1 0 2 10.0 0.0 0.01
4 0 1 10.0 0.0 0.01
2 0 1 10.0 0.0 0.01
4 1 1 10.0 0.0 0.01
5 2 1 10.0 0.0 0.01
1 2 2 10.0 0.0 0.01
2 2 2 10.0 0.0 0.01
1 0 1 10.0 0.0 0.01
4 0 2 10.0 0.0 0.01
6 1 2 8.0 2.0 0.108
6 1 2 8.0 2.0 0.108

