0.3542723001686223 0.1522130493002637 0.16659307318123795 0.8129331576349544 0.5556340780758667 0.5215281944327351 1.1869022698863791 1.9169432524023544 1.448630155619421 1.1706908733278731 1.2157667902737455 72
0.23102845630686764 0.8297853304004469 0.7070354446347006 0.6717546565919048 0.2762489544443666 0.05298259128275351 1.3803795260815996 1.451168867741722 1.5297644673480155 1.2093553054733435 1.6814454441151674 46
0.406266817242501 0.34083227990556886 0.7133299177586581 0.50344906557298 0.7595658847912137 0.07858501670242402 1.567036868628544 1.9787708949971246 1.4198570289952883 1.0048947133580484 1.6011649764174407 96
0.022926055174108506 0.7107787479504775 0.1669244273873236 0.9341560453112011 0.5167194038903966 0.6662741971081673 1.4898249572778517 1.4806659674070999 1.249206889922666 1.395101824572784 1.3448449610412179 38
0.7340250771867669 0.7170138957864943 0.17258476527633027 0.1966456087652685 0.6396900329500264 0.6044292036948122 1.9217773390582606 1.3344108511851291 1.6941778287401132 1.4274803747453653 1.3762787331149053 84
0.30830673611407655 0.7118349855501328 0.6935930711377025 0.21259376279739306 0.060136154743856585 0.4569199503215994 1.3412496349757927 1.316426550930413 1.982749464207144 1.2417427412981143 1.2597710325031293 66
0.23102845630686764 0.8297853304004469 0.7070354446347006 0.21259376279739306 0.060136154743856585 0.4569199503215994 1.3412496349757927 1.1837824360735254 1.982749464207144 1.2417427412981143 1.2597710325031293 44
0.30830673611407655 0.7118349855501328 0.6935930711377025 0.21259376279739306 0.060136154743856585 0.4569199503215994 1.3412496349757927 1.1837824360735254 1.982749464207144 1.2417427412981143 1.2597710325031293 56
0.406266817242501 0.34083227990556886 0.17258476527633027 0.1966456087652685 0.6396900329500264 0.6044292036948122 1.9217773390582606 1.3344108511851291 1.6941778287401132 1.4274803747453653 1.3762787331149053 34
0.23102845630686764 0.8297853304004469 0.8737366671484887 0.21259376279739306 0.060136154743856585 0.6662741971081673 1.4898249572778517 1.4806659674070999 1.249206889922666 1.395101824572784 1.3448449610412179 76
0.3542723001686223 0.1522130493002637 0.16659307318123795 0.8129331576349544 0.5556340780758667 0.5215281944327351 1.1869022698863791 1.9169432524023544 1.448630155619421 1.1706908733278731 1.2157667902737455 80
0.022926055174108506 0.7107787479504775 0.1669244273873236 0.9341560453112011 0.5167194038903966 0.05298259128275351 1.3803795260815996 1.451168867741722 1.5297644673480155 1.2093553054733435 1.6814454441151674 16
0.406266817242501 0.34083227990556886 0.7133299177586581 0.50344906557298 0.7595658847912137 0.07858501670242402 1.567036868628544 1.9787708949971246 1.4198570289952883 1.0048947133580484 1.6011649764174407 10
0.23102845630686764 0.7170138957864943 0.17258476527633027 0.1966456087652685 0.6396900329500264 0.6044292036948122 1.9217773390582606 1.3344108511851291 1.6941778287401132 1.4274803747453653 1.3762787331149053 140
